6000;addnode;80.135
6000;addnode;18.48
26000;addnode;149.101
31000;addnode;35.136
56000;addnode;38.247
56000;addnode;19.51
56000;setedge;38.247;18.48;0;71;104;
61000;setedge;35.136;18.48;80;70;107;
68000;setedge;19.51;18.48;50;48;106;
72000;setedge;149.101;35.136;70;73;106;
75000;setedge;80.135;18.48;90;55;105;
76000;setedge;35.136;80.135;90;45;107;
76000;setedge;18.48;80.135;70;53;106;
76000;setedge;149.101;80.135;80;52;106;
76000;setedge;19.51;80.135;60;81;106;
78000;setedge;38.247;35.136;0;76;106;
81000;setedge;38.247;149.101;0;62;106;
81000;setedge;149.101;18.48;80;79;106;
83000;setedge;80.135;35.136;100;42;106;
87000;setedge;35.136;19.51;90;40;107;
88000;setedge;35.136;149.101;90;74;107;
90000;setedge;18.48;35.136;90;70;106;
93000;setedge;80.135;149.101;110;55;107;
94000;setedge;80.135;19.51;110;82;106;
96000;setedge;19.51;35.136;70;39;107;
99000;setedge;18.48;149.101;100;78;106;
100000;setedge;18.48;19.51;100;48;106;
106000;setedge;149.101;19.51;80;53;105;
106000;setedge;19.51;149.101;70;54;107;
150000;setedge;18.48;80.135;70;53;107;
150000;setedge;149.101;80.135;60;50;106;
150000;setedge;19.51;80.135;50;80;106;
150000;setedge;35.136;80.135;70;44;106;
150000;setedge;38.247;80.135;20;58;103;
151000;setedge;35.136;18.48;80;73;106;
157000;setedge;19.51;18.48;70;49;107;
164000;setedge;80.135;18.48;120;55;105;
169000;setedge;38.247;35.136;40;80;106;
169000;setedge;149.101;18.48;80;78;106;
176000;setedge;38.247;18.48;40;76;105;
176000;setedge;80.135;35.136;120;43;106;
182000;setedge;35.136;149.101;90;74;106;
182000;setedge;80.135;19.51;120;81;105;
183000;setedge;18.48;35.136;60;72;106;
187000;setedge;80.135;149.101;130;55;106;
187000;setedge;19.51;35.136;70;35;107;
189000;setedge;18.48;19.51;50;48;105;
193000;setedge;18.48;149.101;60;78;107;
193000;setedge;149.101;35.136;90;73;105;
194000;setedge;149.101;19.51;90;53;105;
200000;setedge;19.51;149.101;70;53;106;
200000;setedge;35.136;19.51;90;33;107;
205000;setedge;38.247;149.101;90;61;102;
206000;setedge;38.247;19.51;90;47;106;
211000;setedge;80.135;38.247;110;48;106;
212000;setedge;149.101;80.135;30;52;106;
212000;setedge;19.51;80.135;30;80;106;
212000;setedge;35.136;80.135;40;45;106;
212000;setedge;38.247;80.135;70;49;103;
212000;setedge;18.48;80.135;40;55;105;
218000;setedge;19.51;38.247;60;44;107;
224000;setedge;149.101;38.247;80;57;105;
230000;setedge;35.136;38.247;90;77;106;
236000;setedge;18.48;38.247;80;72;106;
258000;setedge;19.51;18.48;80;47;106;
264000;setedge;80.135;18.48;120;55;106;
267000;setedge;80.135;35.136;110;44;106;
268000;setedge;19.51;80.135;60;80;106;
268000;setedge;35.136;80.135;60;45;104;
268000;setedge;38.247;80.135;40;50;106;
268000;setedge;18.48;80.135;50;53;106;
268000;setedge;149.101;80.135;70;53;105;
271000;setedge;149.101;18.48;80;79;104;
274000;setedge;18.48;35.136;90;72;106;
278000;setedge;38.247;18.48;100;75;103;
279000;setedge;19.51;35.136;80;34;107;
281000;setedge;18.48;19.51;80;48;106;
281000;setedge;80.135;149.101;110;55;107;
284000;setedge;35.136;18.48;80;74;106;
286000;setedge;149.101;35.136;70;73;106;
286000;setedge;149.101;19.51;70;51;106;
287000;setedge;18.48;149.101;70;79;105;
291000;setedge;35.136;19.51;70;31;107;
292000;setedge;38.247;35.136;90;80;105;
293000;setedge;19.51;149.101;80;53;107;
297000;setedge;38.247;19.51;80;47;105;
300000;setedge;38.247;149.101;80;61;104;
303000;setedge;80.135;19.51;120;82;105;
306000;setedge;35.136;149.101;80;74;105;
311000;setedge;19.51;38.247;80;43;107;
317000;setedge;149.101;38.247;70;55;106;
323000;setedge;35.136;38.247;70;78;106;
330000;setedge;18.48;38.247;60;72;106;
335000;setedge;80.135;38.247;130;47;106;
336000;setedge;35.136;80.135;50;43;105;
336000;setedge;38.247;80.135;50;50;104;
336000;setedge;18.48;80.135;70;51;106;
336000;setedge;149.101;80.135;30;51;106;
336000;setedge;19.51;80.135;60;81;106;
359000;setedge;80.135;18.48;110;55;105;
365000;setedge;149.101;18.48;70;79;104;
367000;setedge;18.48;35.136;70;72;107;
372000;setedge;38.247;18.48;80;75;105;
373000;setedge;19.51;35.136;90;34;107;
376000;setedge;149.101;19.51;80;52;105;
378000;setedge;35.136;18.48;80;74;105;
379000;setedge;149.101;35.136;80;73;106;
383000;setedge;35.136;19.51;80;31;107;
384000;setedge;19.51;18.48;90;47;106;
385000;setedge;38.247;35.136;70;80;104;
386000;setedge;18.48;149.101;70;79;106;
389000;setedge;38.247;19.51;60;48;106;
390000;setedge;80.135;35.136;110;44;105;
393000;setedge;19.51;149.101;90;53;107;
394000;setedge;80.135;19.51;100;81;105;
399000;setedge;18.48;19.51;60;47;106;
400000;setedge;38.247;149.101;80;61;104;
406000;setedge;38.247;80.135;70;49;105;
406000;setedge;18.48;80.135;20;52;105;
406000;setedge;149.101;80.135;60;52;105;
406000;setedge;19.51;80.135;50;81;107;
406000;setedge;35.136;80.135;40;48;103;
406000;setedge;35.136;149.101;80;74;107;
412000;setedge;80.135;149.101;130;55;106;
414000;setedge;149.101;38.247;80;54;105;

